Часть 1. Микроконтроллеры семейства Tiny 
Продолжение таблицы 1.33 
Частота 
резонатора 
[МП*] 
2.4576 
3.2768 
4 
0.455 
1 
1.82 
1.82 
1.8432 
1.8432 
2 
2 
2.4576 
2.4576 
3.2768 
3.2768 
3.64 
3.64 
4 
4 
Несущая 
частота 
№] 
38 
38 
38 
455 
455 
455 
455 
455 
455 
455 
455 
455 
455 
455 
455 
455 
455 
455 
455 
Погрешность 
установки 
частоты [%] 
1.1 
2.0 
1.2 
0.0 
9.9 
0.0 
0.0 
1.3 
1.3 
9.9 
9.9 
10.0 
10.0 
10.0 
10.0 
0.0 
0.0 
9.9 
9.9 
Скважность 
0.50 
0.25 
0.25 
«0.50 
0.50 
0.25 
0.50 
0.25 
0.50 
0.25 
0.50 
0.33 
0.50 
0.25 
0.50 
0.25 
0.50 
0.25 
0.50 
Значения параметров 
ONTIM 
31 
21 
25 
X 
0 
0 
1 
0 
1 
0 
1 
1 
2 
1 
3 
1 
3 
1 
3 
MCONF 
001 
ОП 
011 
111 
001 
ОП 
001 
ОП 
001 
011 
001 
010 
001 
он 
001 
011 
001 
ОП 
001 
Рис. 1.50. Примеры сигналов, формируемых аппаратным модулятором 
-84- 
